[
    {
        "id": 0,
        "img_name": "0",
        "width": 512,
        "height": 512,
        "position": [
            3.010801076889038,
            -1.6998978853225708,
            1.5765225887298584
        ],
        "rotation": [
            [
                0.49164968729019165,
                0.3612697422504425,
                -0.7923160791397095
            ],
            [
                0.8707931041717529,
                -0.20397286117076874,
                0.44734156131744385
            ],
            [
                0.0,
                -0.9098787307739258,
                -0.4148743748664856
            ]
        ],
        "fx": 1451.703197533585,
        "fy": 1451.703197533585
    },
    {
        "id": 1,
        "img_name": "1",
        "width": 512,
        "height": 512,
        "position": [
            -2.3492159843444824,
            -2.6398754119873047,
            1.397226333618164
        ],
        "rotation": [
            [
                0.7470354437828064,
                -0.24443529546260834,
                0.6182147264480591
            ],
            [
                -0.6647842526435852,
                -0.2746783196926117,
                0.6947040557861328
            ],
            [
                0.0,
                -0.9299479722976685,
                -0.36769115924835205
            ]
        ],
        "fx": 1451.703197533585,
        "fy": 1451.703197533585
    },
    {
        "id": 2,
        "img_name": "2",
        "width": 512,
        "height": 512,
        "position": [
            -0.9274120926856995,
            -3.6418466567993164,
            0.5629025101661682
        ],
        "rotation": [
            [
                0.9690719246864319,
                -0.03655583783984184,
                0.2440558224916458
            ],
            [
                -0.24677839875221252,
                -0.1435507982969284,
                0.9583806991577148
            ],
            [
                0.0,
                -0.9889675974845886,
                -0.14813223481178284
            ]
        ],
        "fx": 1451.703197533585,
        "fy": 1451.703197533585
    },
    {
        "id": 3,
        "img_name": "3",
        "width": 512,
        "height": 512,
        "position": [
            0.8810866475105286,
            -2.5994880199432373,
            2.62799334526062
        ],
        "rotation": [
            [
                0.9470764994621277,
                0.2220018059015274,
                -0.23186491429805756
            ],
            [
                0.32100799679756165,
                -0.654976487159729,
                0.6840758323669434
            ],
            [
                0.0,
                -0.7223026156425476,
                -0.6915771961212158
            ]
        ],
        "fx": 1451.703197533585,
        "fy": 1451.703197533585
    },
    {
        "id": 4,
        "img_name": "4",
        "width": 512,
        "height": 512,
        "position": [
            -2.456242322921753,
            -2.7767086029052734,
            0.8347229957580566
        ],
        "rotation": [
            [
                0.7490068674087524,
                -0.14554105699062347,
                0.6463795900344849
            ],
            [
                -0.6625623106956482,
                -0.16452980041503906,
                0.7307127714157104
            ],
            [
                0.0,
                -0.9755756258964539,
                -0.21966394782066345
            ]
        ],
        "fx": 1451.703197533585,
        "fy": 1451.703197533585
    },
    {
        "id": 5,
        "img_name": "5",
        "width": 512,
        "height": 512,
        "position": [
            1.4662880897521973,
            1.0991740226745605,
            3.3289361000061035
        ],
        "rotation": [
            [
                -0.5998106598854065,
                0.7009530663490295,
                -0.38586530089378357
            ],
            [
                0.8001419305801392,
                0.52545565366745,
                -0.28925633430480957
            ],
            [
                0.0,
                -0.4822460412979126,
                -0.8760358095169067
            ]
        ],
        "fx": 1451.703197533585,
        "fy": 1451.703197533585
    },
    {
        "id": 6,
        "img_name": "6",
        "width": 512,
        "height": 512,
        "position": [
            0.31593528389930725,
            -1.942548394203186,
            3.2506446838378906
        ],
        "rotation": [
            [
                0.9870308637619019,
                0.13732288777828217,
                -0.08314086496829987
            ],
            [
                0.16053028404712677,
                -0.8443386554718018,
                0.5111969709396362
            ],
            [
                0.0,
                -0.5179138779640198,
                -0.8554328083992004
            ]
        ],
        "fx": 1451.703197533585,
        "fy": 1451.703197533585
    },
    {
        "id": 7,
        "img_name": "7",
        "width": 512,
        "height": 512,
        "position": [
            2.919358730316162,
            -2.4215359687805176,
            -0.23132029175758362
        ],
        "rotation": [
            [
                0.6384302377700806,
                -0.04685329645872116,
                -0.7682523131370544
            ],
            [
                0.7696796655654907,
                0.0388636514544487,
                0.637246310710907
            ],
            [
                0.0,
                -0.9981454610824585,
                0.060873761773109436
            ]
        ],
        "fx": 1451.703197533585,
        "fy": 1451.703197533585
    },
    {
        "id": 8,
        "img_name": "8",
        "width": 512,
        "height": 512,
        "position": [
            -2.5578396320343018,
            -1.3914896249771118,
            2.4415595531463623
        ],
        "rotation": [
            [
                0.47787365317344666,
                -0.5644041299819946,
                0.6731157302856445
            ],
            [
                -0.8784285187721252,
                -0.30704134702682495,
                0.36618149280548096
            ],
            [
                0.0,
                -0.7662726044654846,
                -0.6425156593322754
            ]
        ],
        "fx": 1451.703197533585,
        "fy": 1451.703197533585
    },
    {
        "id": 9,
        "img_name": "9",
        "width": 512,
        "height": 512,
        "position": [
            -0.27194902300834656,
            -2.5126771926879883,
            2.8376922607421875
        ],
        "rotation": [
            [
                0.994193971157074,
                -0.080353282392025,
                0.07156553119421005
            ],
            [
                -0.10760238766670227,
                -0.7424254417419434,
                0.6612308621406555
            ],
            [
                0.0,
                -0.6650923490524292,
                -0.74676114320755
            ]
        ],
        "fx": 1451.703197533585,
        "fy": 1451.703197533585
    },
    {
        "id": 10,
        "img_name": "10",
        "width": 512,
        "height": 512,
        "position": [
            -3.7167892456054688,
            0.7631933093070984,
            -0.2073935866355896
        ],
        "rotation": [
            [
                -0.2011401355266571,
                0.053461842238903046,
                0.9781025052070618
            ],
            [
                -0.9795624613761902,
                -0.010977678932249546,
                -0.20084035396575928
            ],
            [
                0.0,
                -0.9985095858573914,
                0.054577264934778214
            ]
        ],
        "fx": 1451.703197533585,
        "fy": 1451.703197533585
    },
    {
        "id": 11,
        "img_name": "11",
        "width": 512,
        "height": 512,
        "position": [
            1.6885883808135986,
            3.4037363529205322,
            0.05699155852198601
        ],
        "rotation": [
            [
                -0.8958208560943604,
                0.006665243301540613,
                -0.44436538219451904
            ],
            [
                0.4444153606891632,
                0.013435322791337967,
                -0.8957201242446899
            ],
            [
                0.0,
                -0.9998875856399536,
                -0.014997778460383415
            ]
        ],
        "fx": 1451.703197533585,
        "fy": 1451.703197533585
    },
    {
        "id": 12,
        "img_name": "12",
        "width": 512,
        "height": 512,
        "position": [
            -1.2167630195617676,
            -2.654387950897217,
            2.431812286376953
        ],
        "rotation": [
            [
                0.90904301404953,
                -0.26666897535324097,
                0.3202008306980133
            ],
            [
                -0.41670241951942444,
                -0.5817426443099976,
                0.698523223400116
            ],
            [
                0.0,
                -0.7684161067008972,
                -0.6399506330490112
            ]
        ],
        "fx": 1451.703197533585,
        "fy": 1451.703197533585
    },
    {
        "id": 13,
        "img_name": "13",
        "width": 512,
        "height": 512,
        "position": [
            1.7914968729019165,
            3.079807996749878,
            1.3211055994033813
        ],
        "rotation": [
            [
                -0.8643960952758789,
                0.17480714619159698,
                -0.47144657373428345
            ],
            [
                0.5028114914894104,
                0.30051544308662415,
                -0.8104758262634277
            ],
            [
                0.0,
                -0.9376208782196045,
                -0.3476594090461731
            ]
        ],
        "fx": 1451.703197533585,
        "fy": 1451.703197533585
    },
    {
        "id": 14,
        "img_name": "14",
        "width": 512,
        "height": 512,
        "position": [
            -3.5597145557403564,
            1.2486711740493774,
            0.4574400782585144
        ],
        "rotation": [
            [
                -0.3310047686100006,
                -0.11359311640262604,
                0.936767041683197
            ],
            [
                -0.9436291456222534,
                0.039846014231443405,
                -0.32859769463539124
            ],
            [
                0.0,
                -0.992728054523468,
                -0.12037897855043411
            ]
        ],
        "fx": 1451.703197533585,
        "fy": 1451.703197533585
    },
    {
        "id": 15,
        "img_name": "15",
        "width": 512,
        "height": 512,
        "position": [
            3.0899741649627686,
            1.9382025003433228,
            1.0655652284622192
        ],
        "rotation": [
            [
                -0.5313720703125,
                0.23754774034023285,
                -0.8131511807441711
            ],
            [
                0.847138524055481,
                0.1490030735731125,
                -0.5100533366203308
            ],
            [
                0.0,
                -0.9598798155784607,
                -0.2804119288921356
            ]
        ],
        "fx": 1451.703197533585,
        "fy": 1451.703197533585
    },
    {
        "id": 16,
        "img_name": "16",
        "width": 512,
        "height": 512,
        "position": [
            -1.5207898616790771,
            -2.634615898132324,
            2.277278423309326
        ],
        "rotation": [
            [
                0.866068959236145,
                -0.2995966672897339,
                0.40020787715911865
            ],
            [
                -0.4999244511127472,
                -0.5190211534500122,
                0.6933199763298035
            ],
            [
                0.0,
                -0.8005366921424866,
                -0.5992838144302368
            ]
        ],
        "fx": 1451.703197533585,
        "fy": 1451.703197533585
    },
    {
        "id": 17,
        "img_name": "17",
        "width": 512,
        "height": 512,
        "position": [
            -2.9029784202575684,
            2.449568271636963,
            0.11104138940572739
        ],
        "rotation": [
            [
                -0.6448986530303955,
                -0.022332999855279922,
                0.763941764831543
            ],
            [
                -0.7642681002616882,
                0.018844855949282646,
                -0.6446232795715332
            ],
            [
                0.0,
                -0.9995730519294739,
                -0.029221421107649803
            ]
        ],
        "fx": 1451.703197533585,
        "fy": 1451.703197533585
    },
    {
        "id": 18,
        "img_name": "18",
        "width": 512,
        "height": 512,
        "position": [
            2.3696446418762207,
            -2.2659852504730225,
            1.920961618423462
        ],
        "rotation": [
            [
                0.6911220550537109,
                0.36535581946372986,
                -0.6235907673835754
            ],
            [
                0.7227380871772766,
                -0.3493734300136566,
                0.5963119268417358
            ],
            [
                0.0,
                -0.862817108631134,
                -0.5055162310600281
            ]
        ],
        "fx": 1451.703197533585,
        "fy": 1451.703197533585
    },
    {
        "id": 19,
        "img_name": "19",
        "width": 512,
        "height": 512,
        "position": [
            1.1739600896835327,
            3.6131370067596436,
            0.08401194214820862
        ],
        "rotation": [
            [
                -0.951058030128479,
                0.006831772159785032,
                -0.30893686413764954
            ],
            [
                0.30901241302490234,
                0.021026378497481346,
                -0.9508255124092102
            ],
            [
                0.0,
                -0.9997556209564209,
                -0.022108405828475952
            ]
        ],
        "fx": 1451.703197533585,
        "fy": 1451.703197533585
    },
    {
        "id": 20,
        "img_name": "20",
        "width": 512,
        "height": 512,
        "position": [
            0.1272251009941101,
            -2.4825899600982666,
            2.874119281768799
        ],
        "rotation": [
            [
                0.9986894726753235,
                0.038709670305252075,
                -0.033480290323495865
            ],
            [
                0.05117976665496826,
                -0.755355954170227,
                0.653313159942627
            ],
            [
                0.0,
                -0.6541705131530762,
                -0.7563471794128418
            ]
        ],
        "fx": 1451.703197533585,
        "fy": 1451.703197533585
    },
    {
        "id": 21,
        "img_name": "21",
        "width": 512,
        "height": 512,
        "position": [
            0.5856873393058777,
            1.1696525812149048,
            3.567756175994873
        ],
        "rotation": [
            [
                -0.8941637277603149,
                0.4203757047653198,
                -0.15412825345993042
            ],
            [
                0.4477401375770569,
                0.8395153284072876,
                -0.30780330300331116
            ],
            [
                0.0,
                -0.34423595666885376,
                -0.9388832449913025
            ]
        ],
        "fx": 1451.703197533585,
        "fy": 1451.703197533585
    },
    {
        "id": 22,
        "img_name": "22",
        "width": 512,
        "height": 512,
        "position": [
            0.7180841565132141,
            -1.2529606819152832,
            3.5148890018463135
        ],
        "rotation": [
            [
                0.8676140308380127,
                0.4599308371543884,
                -0.18896952271461487
            ],
            [
                0.4972382187843323,
                -0.8025176525115967,
                0.3297264873981476
            ],
            [
                0.0,
                -0.38003820180892944,
                -0.924970805644989
            ]
        ],
        "fx": 1451.703197533585,
        "fy": 1451.703197533585
    },
    {
        "id": 23,
        "img_name": "23",
        "width": 512,
        "height": 512,
        "position": [
            -0.3405790627002716,
            3.503110408782959,
            1.432558298110962
        ],
        "rotation": [
            [
                -0.995307207107544,
                -0.03647959604859352,
                0.08962607383728027
            ],
            [
                -0.0967656672000885,
                0.3752199113368988,
                -0.9218711853027344
            ],
            [
                0.0,
                -0.9262177348136902,
                -0.3769890367984772
            ]
        ],
        "fx": 1451.703197533585,
        "fy": 1451.703197533585
    },
    {
        "id": 24,
        "img_name": "24",
        "width": 512,
        "height": 512,
        "position": [
            -3.5645835399627686,
            -1.311409592628479,
            0.11810210347175598
        ],
        "rotation": [
            [
                0.34527459740638733,
                -0.02916816435754299,
                0.9380483031272888
            ],
            [
                -0.9385017156600952,
                -0.01073096226900816,
                0.3451077938079834
            ],
            [
                0.0,
                -0.9995169043540955,
                -0.031079500913619995
            ]
        ],
        "fx": 1451.703197533585,
        "fy": 1451.703197533585
    },
    {
        "id": 25,
        "img_name": "25",
        "width": 512,
        "height": 512,
        "position": [
            3.0767340660095215,
            2.200066089630127,
            0.36526161432266235
        ],
        "rotation": [
            [
                -0.5816580653190613,
                0.07818841934204102,
                -0.8096668720245361
            ],
            [
                0.8134334087371826,
                0.05590983107686043,
                -0.5789647698402405
            ],
            [
                0.0,
                -0.9953696131706238,
                -0.09612147510051727
            ]
        ],
        "fx": 1451.703197533585,
        "fy": 1451.703197533585
    },
    {
        "id": 26,
        "img_name": "26",
        "width": 512,
        "height": 512,
        "position": [
            1.5773018598556519,
            -3.4299352169036865,
            -0.43320193886756897
        ],
        "rotation": [
            [
                0.9085375666618347,
                -0.04762978106737137,
                -0.4150794446468353
            ],
            [
                0.41780322790145874,
                0.1035737469792366,
                0.9026145339012146
            ],
            [
                0.0,
                -0.9934807419776917,
                0.11400051414966583
            ]
        ],
        "fx": 1451.703197533585,
        "fy": 1451.703197533585
    },
    {
        "id": 27,
        "img_name": "27",
        "width": 512,
        "height": 512,
        "position": [
            3.6733450889587402,
            0.92694091796875,
            0.2954902946949005
        ],
        "rotation": [
            [
                -0.24467268586158752,
                0.07539713382720947,
                -0.9666698575019836
            ],
            [
                0.9696057438850403,
                0.01902589574456215,
                -0.243931844830513
            ],
            [
                0.0,
                -0.9969720840454102,
                -0.07776060700416565
            ]
        ],
        "fx": 1451.703197533585,
        "fy": 1451.703197533585
    },
    {
        "id": 28,
        "img_name": "28",
        "width": 512,
        "height": 512,
        "position": [
            -0.8759415745735168,
            -2.456939220428467,
            2.7633633613586426
        ],
        "rotation": [
            [
                0.9419283866882324,
                -0.24420411884784698,
                0.23051093518733978
            ],
            [
                -0.33581385016441345,
                -0.6849711537361145,
                0.646562933921814
            ],
            [
                0.0,
                -0.686424732208252,
                -0.7272008657455444
            ]
        ],
        "fx": 1451.703197533585,
        "fy": 1451.703197533585
    },
    {
        "id": 29,
        "img_name": "29",
        "width": 512,
        "height": 512,
        "position": [
            -1.1194461584091187,
            2.408881902694702,
            2.7173750400543213
        ],
        "rotation": [
            [
                -0.906859815120697,
                -0.30136576294898987,
                0.29459112882614136
            ],
            [
                -0.42143237590789795,
                0.648494303226471,
                -0.6339163184165955
            ],
            [
                0.0,
                -0.6990234851837158,
                -0.7150987386703491
            ]
        ],
        "fx": 1451.703197533585,
        "fy": 1451.703197533585
    },
    {
        "id": 30,
        "img_name": "30",
        "width": 512,
        "height": 512,
        "position": [
            2.132172107696533,
            3.1442272663116455,
            0.08761659264564514
        ],
        "rotation": [
            [
                -0.8276482224464417,
                0.012940675020217896,
                -0.5610979199409485
            ],
            [
                0.5612471103668213,
                0.019083086401224136,
                -0.8274282217025757
            ],
            [
                0.0,
                -0.9997341632843018,
                -0.0230569988489151
            ]
        ],
        "fx": 1451.703197533585,
        "fy": 1451.703197533585
    },
    {
        "id": 31,
        "img_name": "31",
        "width": 512,
        "height": 512,
        "position": [
            1.7707768678665161,
            2.799058437347412,
            1.862691879272461
        ],
        "rotation": [
            [
                -0.8450864553451538,
                0.2620658576488495,
                -0.4659939110279083
            ],
            [
                0.5346296429634094,
                0.41424623131752014,
                -0.7365943193435669
            ],
            [
                0.0,
                -0.8716200590133667,
                -0.4901820719242096
            ]
        ],
        "fx": 1451.703197533585,
        "fy": 1451.703197533585
    },
    {
        "id": 32,
        "img_name": "32",
        "width": 512,
        "height": 512,
        "position": [
            1.5991225242614746,
            -3.2026500701904297,
            1.2750847339630127
        ],
        "rotation": [
            [
                0.8946731686592102,
                0.14989672601222992,
                -0.4208216965198517
            ],
            [
                0.44672131538391113,
                -0.30020636320114136,
                0.8428025841712952
            ],
            [
                0.0,
                -0.9420229196548462,
                -0.33554860949516296
            ]
        ],
        "fx": 1451.703197533585,
        "fy": 1451.703197533585
    },
    {
        "id": 33,
        "img_name": "33",
        "width": 512,
        "height": 512,
        "position": [
            1.8040114641189575,
            -1.1335760354995728,
            3.1465134620666504
        ],
        "rotation": [
            [
                0.5320456624031067,
                0.7011058330535889,
                -0.4747399091720581
            ],
            [
                0.8467155694961548,
                -0.44054973125457764,
                0.2983095049858093
            ],
            [
                0.0,
                -0.5606839656829834,
                -0.8280299305915833
            ]
        ],
        "fx": 1451.703197533585,
        "fy": 1451.703197533585
    },
    {
        "id": 34,
        "img_name": "34",
        "width": 512,
        "height": 512,
        "position": [
            -2.897372245788574,
            1.3119248151779175,
            2.07944393157959
        ],
        "rotation": [
            [
                -0.4124833345413208,
                -0.498500257730484,
                0.7624663710594177
            ],
            [
                -0.9109651446342468,
                0.22572000324726105,
                -0.345243364572525
            ],
            [
                0.0,
                -0.8369874954223633,
                -0.5472220778465271
            ]
        ],
        "fx": 1451.703197533585,
        "fy": 1451.703197533585
    },
    {
        "id": 35,
        "img_name": "35",
        "width": 512,
        "height": 512,
        "position": [
            -3.588901996612549,
            1.098744511604309,
            -0.5937519073486328
        ],
        "rotation": [
            [
                -0.2927388846874237,
                0.1494055539369583,
                0.9444479942321777
            ],
            [
                -0.9561924338340759,
                -0.04574060067534447,
                -0.28914332389831543
            ],
            [
                0.0,
                -0.9877175092697144,
                0.1562505066394806
            ]
        ],
        "fx": 1451.703197533585,
        "fy": 1451.703197533585
    },
    {
        "id": 36,
        "img_name": "36",
        "width": 512,
        "height": 512,
        "position": [
            -2.6605958938598633,
            -0.7357157468795776,
            2.611503839492798
        ],
        "rotation": [
            [
                0.2665208578109741,
                -0.6623798608779907,
                0.7001568078994751
            ],
            [
                -0.9638291597366333,
                -0.18316322565078735,
                0.19360941648483276
            ],
            [
                0.0,
                -0.7264325022697449,
                -0.6872378587722778
            ]
        ],
        "fx": 1451.703197533585,
        "fy": 1451.703197533585
    },
    {
        "id": 37,
        "img_name": "37",
        "width": 512,
        "height": 512,
        "position": [
            1.789298415184021,
            3.0829551219940186,
            1.3167378902435303
        ],
        "rotation": [
            [
                -0.8648869395256042,
                0.17393647134304047,
                -0.4708680212497711
            ],
            [
                0.5019667148590088,
                0.29969194531440735,
                -0.811303973197937
            ],
            [
                0.0,
                -0.9380462765693665,
                -0.3465099632740021
            ]
        ],
        "fx": 1451.703197533585,
        "fy": 1451.703197533585
    },
    {
        "id": 38,
        "img_name": "38",
        "width": 512,
        "height": 512,
        "position": [
            3.2042527198791504,
            1.9951512813568115,
            -0.43833279609680176
        ],
        "rotation": [
            [
                -0.5285680890083313,
                -0.09792019426822662,
                -0.8432244062423706
            ],
            [
                0.8488909006118774,
                -0.060970719903707504,
                -0.525039792060852
            ],
            [
                0.0,
                -0.9933248162269592,
                0.11535073816776276
            ]
        ],
        "fx": 1451.703197533585,
        "fy": 1451.703197533585
    },
    {
        "id": 39,
        "img_name": "39",
        "width": 512,
        "height": 512,
        "position": [
            -3.0071349143981934,
            -0.3314971625804901,
            2.2994019985198975
        ],
        "rotation": [
            [
                0.1095731109380722,
                -0.6014623045921326,
                0.791351318359375
            ],
            [
                -0.9939786791801453,
                -0.0663033276796341,
                0.08723609894514084
            ],
            [
                0.0,
                -0.7961450815200806,
                -0.6051058173179626
            ]
        ],
        "fx": 1451.703197533585,
        "fy": 1451.703197533585
    },
    {
        "id": 40,
        "img_name": "40",
        "width": 512,
        "height": 512,
        "position": [
            1.083838939666748,
            3.5985240936279297,
            -0.562063992023468
        ],
        "rotation": [
            [
                -0.9575120806694031,
                -0.042656660079956055,
                -0.28522080183029175
            ],
            [
                0.28839293122291565,
                -0.14162714779376984,
                -0.9469801187515259
            ],
            [
                0.0,
                -0.9890006184577942,
                0.14791159331798553
            ]
        ],
        "fx": 1451.703197533585,
        "fy": 1451.703197533585
    },
    {
        "id": 41,
        "img_name": "41",
        "width": 512,
        "height": 512,
        "position": [
            2.2021117210388184,
            -0.6712541580200195,
            3.023263454437256
        ],
        "rotation": [
            [
                0.2915775179862976,
                0.7610248327255249,
                -0.5795031189918518
            ],
            [
                0.956547200679779,
                -0.23197782039642334,
                0.17664583027362823
            ],
            [
                0.0,
                -0.605828046798706,
                -0.795595645904541
            ]
        ],
        "fx": 1451.703197533585,
        "fy": 1451.703197533585
    },
    {
        "id": 42,
        "img_name": "42",
        "width": 512,
        "height": 512,
        "position": [
            -0.022508207708597183,
            1.3981449604034424,
            3.533367156982422
        ],
        "rotation": [
            [
                -0.9998704791069031,
                -0.014967099763453007,
                0.005923212505877018
            ],
            [
                -0.016096537932753563,
                0.9297130107879639,
                -0.36793288588523865
            ],
            [
                0.0,
                -0.36798056960105896,
                -0.9298334717750549
            ]
        ],
        "fx": 1451.703197533585,
        "fy": 1451.703197533585
    },
    {
        "id": 43,
        "img_name": "43",
        "width": 512,
        "height": 512,
        "position": [
            -0.2925136089324951,
            -3.5531978607177734,
            1.3149986267089844
        ],
        "rotation": [
            [
                0.9966285228729248,
                -0.028392374515533447,
                0.07697726786136627
            ],
            [
                -0.08204648643732071,
                -0.34488558769226074,
                0.9350520968437195
            ],
            [
                0.0,
                -0.9382153153419495,
                -0.34605228900909424
            ]
        ],
        "fx": 1451.703197533585,
        "fy": 1451.703197533585
    },
    {
        "id": 44,
        "img_name": "44",
        "width": 512,
        "height": 512,
        "position": [
            -1.2514060735702515,
            -3.577427387237549,
            0.2756752669811249
        ],
        "rotation": [
            [
                0.9439154267311096,
                -0.023953817784786224,
                0.3293173909187317
            ],
            [
                -0.3301874101161957,
                -0.06847740709781647,
                0.9414282441139221
            ],
            [
                0.0,
                -0.9973651170730591,
                -0.07254612445831299
            ]
        ],
        "fx": 1451.703197533585,
        "fy": 1451.703197533585
    },
    {
        "id": 45,
        "img_name": "45",
        "width": 512,
        "height": 512,
        "position": [
            3.7368710041046143,
            0.29051855206489563,
            -0.6256154179573059
        ],
        "rotation": [
            [
                -0.07750990986824036,
                -0.16414034366607666,
                -0.9833871126174927
            ],
            [
                0.9969915747642517,
                -0.012760893441736698,
                -0.07645224779844284
            ],
            [
                0.0,
                -0.9863545298576355,
                0.16463564336299896
            ]
        ],
        "fx": 1451.703197533585,
        "fy": 1451.703197533585
    },
    {
        "id": 46,
        "img_name": "46",
        "width": 512,
        "height": 512,
        "position": [
            -1.5456379652023315,
            0.8739124536514282,
            3.359654664993286
        ],
        "rotation": [
            [
                -0.4921814799308777,
                -0.7696197032928467,
                0.40674686431884766
            ],
            [
                -0.8704926371574402,
                0.43514734506607056,
                -0.22997698187828064
            ],
            [
                0.0,
                -0.46726056933403015,
                -0.8841196894645691
            ]
        ],
        "fx": 1451.703197533585,
        "fy": 1451.703197533585
    },
    {
        "id": 47,
        "img_name": "47",
        "width": 512,
        "height": 512,
        "position": [
            -2.3300535678863525,
            -2.9993488788604736,
            0.12148167192935944
        ],
        "rotation": [
            [
                0.7897059917449951,
                -0.01961243338882923,
                0.6131719350814819
            ],
            [
                -0.6134855151176453,
                -0.025245999917387962,
                0.7893022894859314
            ],
            [
                0.0,
                -0.999488890171051,
                -0.0319688580930233
            ]
        ],
        "fx": 1451.703197533585,
        "fy": 1451.703197533585
    },
    {
        "id": 48,
        "img_name": "48",
        "width": 512,
        "height": 512,
        "position": [
            -2.3993842601776123,
            2.853888988494873,
            0.7336698174476624
        ],
        "rotation": [
            [
                -0.7654250860214233,
                -0.1242460310459137,
                0.6314169764518738
            ],
            [
                -0.6435250043869019,
                0.1477814018726349,
                -0.7510234713554382
            ],
            [
                0.0,
                -0.9811848402023315,
                -0.19307102262973785
            ]
        ],
        "fx": 1451.703197533585,
        "fy": 1451.703197533585
    },
    {
        "id": 49,
        "img_name": "49",
        "width": 512,
        "height": 512,
        "position": [
            -1.1478794813156128,
            -0.9031842947006226,
            3.5080807209014893
        ],
        "rotation": [
            [
                0.6183628439903259,
                -0.7255198359489441,
                0.30207353830337524
            ],
            [
                -0.7858927249908447,
                -0.5708597302436829,
                0.2376800775527954
            ],
            [
                0.0,
                -0.38436996936798096,
                -0.9231791496276855
            ]
        ],
        "fx": 1451.703197533585,
        "fy": 1451.703197533585
    },
    {
        "id": 50,
        "img_name": "50",
        "width": 512,
        "height": 512,
        "position": [
            2.8247203826904297,
            -2.5269930362701416,
            -0.2743401825428009
        ],
        "rotation": [
            [
                0.666737973690033,
                -0.05380621179938316,
                -0.7433474063873291
            ],
            [
                0.7452922463417053,
                0.04813500493764877,
                0.6649981141090393
            ],
            [
                0.0,
                -0.9973905682563782,
                0.07219478487968445
            ]
        ],
        "fx": 1451.703197533585,
        "fy": 1451.703197533585
    },
    {
        "id": 51,
        "img_name": "51",
        "width": 512,
        "height": 512,
        "position": [
            1.7340584993362427,
            0.8432767391204834,
            3.274435043334961
        ],
        "rotation": [
            [
                -0.43733176589012146,
                0.7749211192131042,
                -0.45633119344711304
            ],
            [
                0.8993001580238342,
                0.37684595584869385,
                -0.22191493213176727
            ],
            [
                0.0,
                -0.5074292421340942,
                -0.8616934418678284
            ]
        ],
        "fx": 1451.703197533585,
        "fy": 1451.703197533585
    },
    {
        "id": 52,
        "img_name": "52",
        "width": 512,
        "height": 512,
        "position": [
            1.9965804815292358,
            1.4357974529266357,
            2.896920919418335
        ],
        "rotation": [
            [
                -0.5838385224342346,
                0.618927001953125,
                -0.5254159569740295
            ],
            [
                0.8118698000907898,
                0.44508790969848633,
                -0.3778414726257324
            ],
            [
                0.0,
                -0.6471677422523499,
                -0.7623476386070251
            ]
        ],
        "fx": 1451.703197533585,
        "fy": 1451.703197533585
    },
    {
        "id": 53,
        "img_name": "53",
        "width": 512,
        "height": 512,
        "position": [
            -0.14352081716060638,
            -1.850477933883667,
            3.3158907890319824
        ],
        "rotation": [
            [
                0.997005820274353,
                -0.06747537851333618,
                0.037768639624118805
            ],
            [
                -0.07732655853033066,
                -0.8699901700019836,
                0.48696792125701904
            ],
            [
                0.0,
                -0.488430380821228,
                -0.8726028800010681
            ]
        ],
        "fx": 1451.703197533585,
        "fy": 1451.703197533585
    },
    {
        "id": 54,
        "img_name": "54",
        "width": 512,
        "height": 512,
        "position": [
            -3.6563899517059326,
            -0.25294315814971924,
            1.0034098625183105
        ],
        "rotation": [
            [
                0.06901344656944275,
                -0.26342567801475525,
                0.9622079730033875
            ],
            [
                -0.9976156949996948,
                -0.018223363906145096,
                0.06656399369239807
            ],
            [
                0.0,
                -0.9645075798034668,
                -0.2640552520751953
            ]
        ],
        "fx": 1451.703197533585,
