[
    {
        "id": 0,
        "img_name": "0",
        "width": 512,
        "height": 512,
        "position": [
            -0.3180292248725891,
            -3.781670093536377,
            0.1944916993379593
        ],
        "rotation": [
            [
                0.9964824914932251,
                -0.004289143718779087,
                0.08369190990924835
            ],
            [
                -0.0838017463684082,
                -0.05100199952721596,
                0.9951764345169067
            ],
            [
                0.0,
                -0.9986894130706787,
                -0.05118203163146973
            ]
        ],
        "fx": 1451.8481458221336,
        "fy": 1451.8481458221336
    },
    {
        "id": 1,
        "img_name": "1",
        "width": 512,
        "height": 512,
        "position": [
            -0.39434948563575745,
            0.7310077548027039,
            3.7081148624420166
        ],
        "rotation": [
            [
                -0.8801040649414062,
                -0.4633006453514099,
                0.10377617925405502
            ],
            [
                -0.47478097677230835,
                0.8588228821754456,
                -0.1923704594373703
            ],
            [
                0.0,
                -0.21857698261737823,
                -0.9758197069168091
            ]
        ],
        "fx": 1451.8481458221336,
        "fy": 1451.8481458221336
    },
    {
        "id": 2,
        "img_name": "2",
        "width": 512,
        "height": 512,
        "position": [
            3.1185641288757324,
            -1.4849401712417603,
            1.5841434001922607
        ],
        "rotation": [
            [
                0.429912269115448,
                0.3763885796070099,
                -0.8206747770309448
            ],
            [
                0.9028707146644592,
                -0.1792217493057251,
                0.390773743391037
            ],
            [
                0.0,
                -0.9089616537094116,
                -0.4168798327445984
            ]
        ],
        "fx": 1451.8481458221336,
        "fy": 1451.8481458221336
    },
    {
        "id": 3,
        "img_name": "3",
        "width": 512,
        "height": 512,
        "position": [
            -2.2549595832824707,
            2.472783327102661,
            1.8001384735107422
        ],
        "rotation": [
            [
                -0.7389018535614014,
                -0.31919917464256287,
                0.5934104323387146
            ],
            [
                -0.6738130450248718,
                0.35003310441970825,
                -0.6507325172424316
            ],
            [
                0.0,
                -0.8806751370429993,
                -0.4737206995487213
            ]
        ],
        "fx": 1451.8481458221336,
        "fy": 1451.8481458221336
    },
    {
        "id": 4,
        "img_name": "4",
        "width": 512,
        "height": 512,
        "position": [
            1.3712561130523682,
            -1.5084975957870483,
            3.2068819999694824
        ],
        "rotation": [
            [
                0.7399657368659973,
                0.5676556825637817,
                -0.36085689067840576
            ],
            [
                0.6726444959640503,
                -0.6244692206382751,
                0.39697304368019104
            ],
            [
                0.0,
                -0.536474883556366,
                -0.8439162969589233
            ]
        ],
        "fx": 1451.8481458221336,
        "fy": 1451.8481458221336
    },
    {
        "id": 5,
        "img_name": "5",
        "width": 512,
        "height": 512,
        "position": [
            -1.3014918565750122,
            3.397368907928467,
            1.0972706079483032
        ],
        "rotation": [
            [
                -0.9338226318359375,
                -0.10329833626747131,
                0.34249788522720337
            ],
            [
                -0.35773640871047974,
                0.26964637637138367,
                -0.8940445184707642
            ],
            [
                0.0,
                -0.9574029445648193,
                -0.2887554466724396
            ]
        ],
        "fx": 1451.8481458221336,
        "fy": 1451.8481458221336
    },
    {
        "id": 6,
        "img_name": "6",
        "width": 512,
        "height": 512,
        "position": [
            3.021796941757202,
            -1.4867963790893555,
            1.7601646184921265
        ],
        "rotation": [
            [
                0.44147905707359314,
                0.41561728715896606,
                -0.7952097058296204
            ],
            [
                0.8972715735435486,
                -0.20449364185333252,
                0.3912622034549713
            ],
            [
                0.0,
                -0.8862531185150146,
                -0.46320122480392456
            ]
        ],
        "fx": 1451.8481458221336,
        "fy": 1451.8481458221336
    },
    {
        "id": 7,
        "img_name": "7",
        "width": 512,
        "height": 512,
        "position": [
            1.6061056852340698,
            -2.16994309425354,
            2.6742796897888184
        ],
        "rotation": [
            [
                0.8037802577018738,
                0.4186840057373047,
                -0.42265939712524414
            ],
            [
                0.5949262380599976,
                -0.5656666159629822,
                0.5710376501083374
            ],
            [
                0.0,
                -0.7104399800300598,
                -0.7037578225135803
            ]
        ],
        "fx": 1451.8481458221336,
        "fy": 1451.8481458221336
    },
    {
        "id": 8,
        "img_name": "8",
        "width": 512,
        "height": 512,
        "position": [
            -3.7993130683898926,
            0.03957757726311684,
            0.06044837087392807
        ],
        "rotation": [
            [
                -0.010416469536721706,
                -0.015906604006886482,
                0.9998192191123962
            ],
            [
                -0.9999457597732544,
                0.00016569964645896107,
                -0.010415151715278625
            ],
            [
                0.0,
                -0.9998734593391418,
                -0.015907466411590576
            ]
        ],
        "fx": 1451.8481458221336,
        "fy": 1451.8481458221336
    },
    {
        "id": 9,
        "img_name": "9",
        "width": 512,
        "height": 512,
        "position": [
            0.4803314507007599,
            0.6782167553901672,
            3.70800518989563
        ],
        "rotation": [
            [
                -0.8160654306411743,
                0.5639677047729492,
                -0.12640301883220673
            ],
            [
                0.5779595971107483,
                0.796309232711792,
                -0.17847810685634613
            ],
            [
                0.0,
                -0.2187056541442871,
                -0.9757909178733826
            ]
        ],
        "fx": 1451.8481458221336,
        "fy": 1451.8481458221336
    },
    {
        "id": 10,
        "img_name": "10",
        "width": 512,
        "height": 512,
        "position": [
            -0.16322432458400726,
            -3.4544639587402344,
            1.5748127698898315
        ],
        "rotation": [
            [
                0.9988855719566345,
                -0.019559841603040695,
                0.04295377433300018
            ],
            [
                -0.0471976064145565,
                -0.41396260261535645,
                0.9090695381164551
            ],
            [
                0.0,
                -0.9100837707519531,
                -0.41442444920539856
            ]
        ],
        "fx": 1451.8481458221336,
        "fy": 1451.8481458221336
    },
    {
        "id": 11,
        "img_name": "11",
        "width": 512,
        "height": 512,
        "position": [
            2.520488739013672,
            2.8260185718536377,
            0.31741833686828613
        ],
        "rotation": [
            [
                -0.746297299861908,
                0.0555993914604187,
                -0.663286566734314
            ],
            [
                0.6656126976013184,
                0.062339071184396744,
                -0.7436891794204712
            ],
            [
                0.0,
                -0.9965052008628845,
                -0.08353114873170853
            ]
        ],
        "fx": 1451.8481458221336,
        "fy": 1451.8481458221336
    },
    {
        "id": 12,
        "img_name": "12",
        "width": 512,
        "height": 512,
        "position": [
            -0.3293745517730713,
            3.7469048500061035,
            0.5405693650245667
        ],
        "rotation": [
            [
                -0.9961585998535156,
                -0.012457006610929966,
                0.08667752146720886
            ],
            [
                -0.08756808936595917,
                0.141708642244339,
                -0.9860276579856873
            ],
            [
                0.0,
                -0.9898300170898438,
                -0.14225511252880096
            ]
        ],
        "fx": 1451.8481458221336,
        "fy": 1451.8481458221336
    },
    {
        "id": 13,
        "img_name": "13",
        "width": 512,
        "height": 512,
        "position": [
            -2.813892364501953,
            -2.3130335807800293,
            1.0825363397598267
        ],
        "rotation": [
            [
                0.6350052952766418,
                -0.220070481300354,
                0.7404980659484863
            ],
            [
                -0.7725077867507935,
                -0.18089905381202698,
                0.6086931228637695
            ],
            [
                0.0,
                -0.9585638642311096,
                -0.2848780155181885
            ]
        ],
        "fx": 1451.8481458221336,
        "fy": 1451.8481458221336
    },
    {
        "id": 14,
        "img_name": "14",
        "width": 512,
        "height": 512,
        "position": [
            -1.088887333869934,
            -1.0716824531555176,
            3.479341983795166
        ],
        "rotation": [
            [
                0.7014538049697876,
                -0.6525734663009644,
                0.28654929995536804
            ],
            [
                -0.7127149701118469,
                -0.6422625780105591,
                0.282021701335907
            ],
            [
                0.0,
                -0.40205317735671997,
                -0.9156163334846497
            ]
        ],
        "fx": 1451.8481458221336,
        "fy": 1451.8481458221336
    },
    {
        "id": 15,
        "img_name": "15",
        "width": 512,
        "height": 512,
        "position": [
            3.1492185592651367,
            -1.0377508401870728,
            1.8562042713165283
        ],
        "rotation": [
            [
                0.312971830368042,
                0.4639350473880768,
                -0.828741729259491
            ],
            [
                0.9497624039649963,
                -0.15287886559963226,
                0.2730923295021057
            ],
            [
                0.0,
                -0.8725780248641968,
                -0.4884748160839081
            ]
        ],
        "fx": 1451.8481458221336,
        "fy": 1451.8481458221336
    },
    {
        "id": 16,
        "img_name": "16",
        "width": 512,
        "height": 512,
        "position": [
            -0.8824739456176758,
            -0.46341827511787415,
            3.6669445037841797
        ],
        "rotation": [
            [
                0.4649278223514557,
                -0.8543485403060913,
                0.23223000764846802
            ],
            [
                -0.8853485584259033,
                -0.448648601770401,
                0.12195218354463577
            ],
            [
                0.0,
                -0.2623034715652466,
                -0.9649854898452759
            ]
        ],
        "fx": 1451.8481458221336,
        "fy": 1451.8481458221336
    },
    {
        "id": 17,
        "img_name": "17",
        "width": 512,
        "height": 512,
        "position": [
            -2.0771689414978027,
            0.40297091007232666,
            3.156419277191162
        ],
        "rotation": [
            [
                -0.1904492825269699,
                -0.8154336214065552,
                0.5466234683990479
            ],
            [
                -0.9816970229148865,
                0.1581941694021225,
                -0.10604498535394669
            ],
            [
                0.0,
                -0.5568148493766785,
                -0.830636739730835
            ]
        ],
        "fx": 1451.8481458221336,
        "fy": 1451.8481458221336
    },
    {
        "id": 18,
        "img_name": "18",
        "width": 512,
        "height": 512,
        "position": [
            1.2682205438613892,
            -1.7542967796325684,
            3.1231489181518555
        ],
        "rotation": [
            [
                0.8104098439216614,
                0.4815102219581604,
                -0.33374226093292236
            ],
            [
                0.585863471031189,
                -0.6660606861114502,
                0.4616570472717285
            ],
            [
                0.0,
                -0.5696588158607483,
                -0.8218812942504883
            ]
        ],
        "fx": 1451.8481458221336,
        "fy": 1451.8481458221336
    },
    {
        "id": 19,
        "img_name": "19",
        "width": 512,
        "height": 512,
        "position": [
            -3.500854253768921,
            -0.8321624398231506,
            1.2212799787521362
        ],
        "rotation": [
            [
                0.2312590777873993,
                -0.3126773238182068,
                0.9212774634361267
            ],
            [
                -0.9728922247886658,
                -0.07432423532009125,
                0.21899011731147766
            ],
            [
                0.0,
                -0.9469470977783203,
                -0.32138946652412415
            ]
        ],
        "fx": 1451.8481458221336,
        "fy": 1451.8481458221336
    },
    {
        "id": 20,
        "img_name": "20",
        "width": 512,
        "height": 512,
        "position": [
            -1.0699114799499512,
            0.35111767053604126,
            3.6293258666992188
        ],
        "rotation": [
            [
                -0.3118129074573517,
                -0.9074686169624329,
                0.2815556526184082
            ],
            [
                -0.950143575668335,
                0.29780805110931396,
                -0.09239938855171204
            ],
            [
                0.0,
                -0.2963296175003052,
                -0.9550857543945312
            ]
        ],
        "fx": 1451.8481458221336,
        "fy": 1451.8481458221336
    },
    {
        "id": 21,
        "img_name": "21",
        "width": 512,
        "height": 512,
        "position": [
            -2.8199472427368164,
            -2.2756781578063965,
            1.1441972255706787
        ],
        "rotation": [
            [
                0.6280077695846558,
                -0.2343216836452484,
                0.7420914173126221
            ],
            [
                -0.7782070636749268,
                -0.18909598886966705,
                0.5988627076148987
            ],
            [
                0.0,
                -0.9535911679267883,
                -0.3011045455932617
            ]
        ],
        "fx": 1451.8481458221336,
        "fy": 1451.8481458221336
    },
    {
        "id": 22,
        "img_name": "22",
        "width": 512,
        "height": 512,
        "position": [
            -1.4585126638412476,
            1.5544195175170898,
            3.145873546600342
        ],
        "rotation": [
            [
                -0.7292459011077881,
                -0.5664656758308411,
                0.3838191330432892
            ],
            [
                -0.6842517852783203,
                0.6037145853042603,
                -0.40905776619911194
            ],
            [
                0.0,
                -0.5609326362609863,
                -0.827861487865448
            ]
        ],
        "fx": 1451.8481458221336,
        "fy": 1451.8481458221336
    },
    {
        "id": 23,
        "img_name": "23",
        "width": 512,
        "height": 512,
        "position": [
            -2.8261072635650635,
            -1.5063821077346802,
            2.0454659461975098
        ],
        "rotation": [
            [
                0.4703754782676697,
                -0.47501447796821594,
                0.7437124252319336
            ],
            [
                -0.8824663758277893,
                -0.2531939744949341,
                0.3964163362979889
            ],
            [
                0.0,
                -0.842765748500824,
                -0.5382805466651917
            ]
        ],
        "fx": 1451.8481458221336,
        "fy": 1451.8481458221336
    },
    {
        "id": 24,
        "img_name": "24",
        "width": 512,
        "height": 512,
        "position": [
            2.684063196182251,
            -1.699265718460083,
            2.0852577686309814
        ],
        "rotation": [
            [
                0.5349080562591553,
                0.4636462926864624,
                -0.7063324451446533
            ],
            [
                0.8449102640151978,
                -0.2935319244861603,
                0.4471752345561981
            ],
            [
                0.0,
                -0.8359851837158203,
                -0.5487520694732666
            ]
        ],
        "fx": 1451.8481458221336,
        "fy": 1451.8481458221336
    },
    {
        "id": 25,
        "img_name": "25",
        "width": 512,
        "height": 512,
        "position": [
            0.012739847414195538,
            -1.2595486640930176,
            3.585160255432129
        ],
        "rotation": [
            [
                0.9999488592147827,
                0.00954227801412344,
                -0.003352591535076499
            ],
            [
                0.010114096105098724,
                -0.9434150457382202,
                0.331460177898407
            ],
            [
                0.0,
                -0.3314771354198456,
                -0.9434632658958435
            ]
        ],
        "fx": 1451.8481458221336,
        "fy": 1451.8481458221336
    },
    {
        "id": 26,
        "img_name": "26",
        "width": 512,
        "height": 512,
        "position": [
            1.1265544891357422,
            1.896046757698059,
            3.094492197036743
        ],
        "rotation": [
            [
                -0.8597001433372498,
                0.41596418619155884,
                -0.29646170139312744
            ],
            [
                0.5107991099357605,
                0.7000882625579834,
                -0.4989596903324127
            ],
            [
                0.0,
                -0.580388069152832,
                -0.8143400549888611
            ]
        ],
        "fx": 1451.8481458221336,
        "fy": 1451.8481458221336
    },
    {
        "id": 27,
        "img_name": "27",
        "width": 512,
        "height": 512,
        "position": [
            2.6220901012420654,
            -1.74342679977417,
            2.1272294521331787
        ],
        "rotation": [
            [
                0.5536811351776123,
                0.46615928411483765,
                -0.6900237202644348
            ],
            [
                0.8327288031578064,
                -0.3099491596221924,
                0.45879653096199036
            ],
            [
                0.0,
                -0.8286296129226685,
                -0.5597972273826599
            ]
        ],
        "fx": 1451.8481458221336,
        "fy": 1451.8481458221336
    },
    {
        "id": 28,
        "img_name": "28",
        "width": 512,
        "height": 512,
        "position": [
            0.9080711603164673,
            2.787086009979248,
            2.418172597885132
        ],
        "rotation": [
            [
                -0.9508063793182373,
                0.19713568687438965,
                -0.23896609246730804
            ],
            [
                0.3097858726978302,
                0.6050562858581543,
                -0.7334436774253845
            ],
            [
                0.0,
                -0.7713911533355713,
                -0.6363612413406372
            ]
        ],
        "fx": 1451.8481458221336,
        "fy": 1451.8481458221336
    },
    {
        "id": 29,
        "img_name": "29",
        "width": 512,
        "height": 512,
        "position": [
            -1.9764864444732666,
            2.6146440505981445,
            1.922794222831726
        ],
        "rotation": [
            [
                -0.7977238297462463,
                -0.30512872338294983,
                0.5201280117034912
            ],
            [
                -0.6030229330062866,
                0.4036470949649811,
                -0.6880642175674438
            ],
            [
                0.0,
                -0.8625344038009644,
                -0.5059984922409058
            ]
        ],
        "fx": 1451.8481458221336,
        "fy": 1451.8481458221336
    },
    {
        "id": 30,
        "img_name": "30",
        "width": 512,
        "height": 512,
        "position": [
            1.386846661567688,
            -3.5030250549316406,
            -0.4954518675804138
        ],
        "rotation": [
            [
                0.9297854900360107,
                -0.04799387603998184,
                -0.36495962738990784
            ],
            [
                0.3681018352508545,
                0.12122734636068344,
                0.9218486547470093
            ],
            [
                0.0,
                -0.991463840007782,
                0.13038206100463867
            ]
        ],
        "fx": 1451.8481458221336,
        "fy": 1451.8481458221336
    },
    {
        "id": 31,
        "img_name": "31",
        "width": 512,
        "height": 512,
        "position": [
            -0.6992519497871399,
            0.03962148725986481,
            3.7348997592926025
        ],
        "rotation": [
            [
                -0.05657193437218666,
                -0.9812943339347839,
                0.18401367962360382
            ],
            [
                -0.9983985424041748,
                0.05560276657342911,
                -0.010426707565784454
            ],
            [
                0.0,
                -0.18430885672569275,
                -0.9828683733940125
            ]
        ],
        "fx": 1451.8481458221336,
        "fy": 1451.8481458221336
    },
    {
        "id": 32,
        "img_name": "32",
        "width": 512,
        "height": 512,
        "position": [
            -3.2128875255584717,
            -0.646682620048523,
            1.9233183860778809
        ],
        "rotation": [
            [
                0.19732040166854858,
                -0.4961853623390198,
                0.8454967737197876
            ],
            [
                -0.9803390502929688,
                -0.09987105429172516,
                0.17017965018749237
            ],
            [
                0.0,
                -0.8624534606933594,
                -0.5061364769935608
            ]
        ],
        "fx": 1451.8481458221336,
        "fy": 1451.8481458221336
    },
    {
        "id": 33,
        "img_name": "33",
        "width": 512,
        "height": 512,
        "position": [
            -1.7238506078720093,
            -0.34805262088775635,
            3.368560314178467
        ],
        "rotation": [
            [
                0.19791051745414734,
                -0.8689290881156921,
                0.45364490151405334
            ],
            [
                -0.9802200794219971,
                -0.17544041574001312,
                0.09159279614686966
            ],
            [
                0.0,
                -0.4627990424633026,
                -0.8864632248878479
            ]
        ],
        "fx": 1451.8481458221336,
        "fy": 1451.8481458221336
    },
    {
        "id": 34,
        "img_name": "34",
        "width": 512,
        "height": 512,
        "position": [
            0.9891407489776611,
            -2.3703763484954834,
            2.800520658493042
        ],
        "rotation": [
            [
                0.9228716492652893,
                0.28381630778312683,
                -0.2603001892566681
            ],
            [
                0.3851076066493988,
                -0.6801372170448303,
                0.6237832307815552
            ],
            [
                0.0,
                -0.6759154796600342,
                -0.7369791269302368
            ]
        ],
        "fx": 1451.8481458221336,
        "fy": 1451.8481458221336
    },
    {
        "id": 35,
        "img_name": "35",
        "width": 512,
        "height": 512,
        "position": [
            -1.6586867570877075,
            -2.3672854900360107,
            2.466722011566162
        ],
        "rotation": [
            [
                0.8189738988876343,
                -0.37249499559402466,
                0.4364965260028839
            ],
            [
                -0.5738307237625122,
                -0.5316266417503357,
                0.6229698657989502
            ],
            [
                0.0,
                -0.7606711983680725,
                -0.6491373777389526
            ]
        ],
        "fx": 1451.8481458221336,
        "fy": 1451.8481458221336
    },
    {
        "id": 36,
        "img_name": "36",
        "width": 512,
        "height": 512,
        "position": [
            3.462308883666992,
            1.5566128492355347,
            -0.17138969898223877
        ],
        "rotation": [
            [
                -0.41005223989486694,
                -0.041136324405670166,
                -0.9111339449882507
            ],
            [
                0.9120620489120483,
                -0.01849440298974514,
                -0.4096349775791168
            ],
            [
                0.0,
                -0.9989824295043945,
                0.0451025515794754
            ]
        ],
        "fx": 1451.8481458221336,
        "fy": 1451.8481458221336
    },
    {
        "id": 37,
        "img_name": "37",
        "width": 512,
        "height": 512,
        "position": [
            0.9773942828178406,
            -3.5866262912750244,
            -0.7879158854484558
        ],
        "rotation": [
            [
                0.9648168087005615,
                -0.054516106843948364,
                -0.25720903277397156
            ],
            [
                0.2629229724407196,
                0.2000512033700943,
                0.9438490271568298
            ],
            [
                0.0,
                -0.9782676100730896,
                0.20734629034996033
            ]
        ],
        "fx": 1451.8481458221336,
        "fy": 1451.8481458221336
    },
    {
        "id": 38,
        "img_name": "38",
        "width": 512,
        "height": 512,
        "position": [
            3.1966195106506348,
            1.9042991399765015,
            -0.7715351581573486
        ],
        "rotation": [
            [
                -0.5117912888526917,
                -0.17442986369132996,
                -0.8412157297134399
            ],
            [
                0.8591097593307495,
                -0.10391184687614441,
                -0.5011314153671265
            ],
            [
                0.0,
                -0.9791713953018188,
                0.20303557813167572
            ]
        ],
        "fx": 1451.8481458221336,
        "fy": 1451.8481458221336
    },
    {
        "id": 39,
        "img_name": "39",
        "width": 512,
        "height": 512,
        "position": [
            -2.365156650543213,
            -0.7951895594596863,
            2.8659565448760986
        ],
        "rotation": [
            [
                0.3186808228492737,
                -0.7148767709732056,
                0.6224096417427063
            ],
            [
                -0.9478620886802673,
                -0.24034880101680756,
                0.20926041901111603
            ],
            [
                0.0,
                -0.6566458344459534,
                -0.7541990876197815
            ]
        ],
        "fx": 1451.8481458221336,
        "fy": 1451.8481458221336
    },
    {
        "id": 40,
        "img_name": "40",
        "width": 512,
        "height": 512,
        "position": [
            -1.5851080417633057,
            -2.5189177989959717,
            2.3627283573150635
        ],
        "rotation": [
            [
                0.8463656902313232,
                -0.3311564326286316,
                0.4171336889266968
            ],
            [
                -0.5326021909713745,
                -0.5262453556060791,
                0.6628730893135071
            ],
            [
                0.0,
                -0.7831994295120239,
                -0.6217706203460693
            ]
        ],
        "fx": 1451.8481458221336,
        "fy": 1451.8481458221336
    },
    {
        "id": 41,
        "img_name": "41",
        "width": 512,
        "height": 512,
        "position": [
            2.6846837997436523,
            -2.644953489303589,
            0.4865110516548157
        ],
        "rotation": [
            [
                0.7018160820007324,
                0.09120266884565353,
                -0.7064957618713379
            ],
            [
                0.7123581767082214,
                -0.08985297381877899,
                0.6960403919219971
            ],
            [
                0.0,
                -0.9917703866958618,
                -0.1280292272567749
            ]
        ],
        "fx": 1451.8481458221336,
        "fy": 1451.8481458221336
    },
    {
        "id": 42,
        "img_name": "42",
        "width": 512,
        "height": 512,
        "position": [
            0.8039644956588745,
            -3.709029197692871,
            0.19168730080127716
        ],
        "rotation": [
            [
                0.9773045182228088,
                0.010686026886105537,
                -0.21156960725784302
            ],
            [
                0.21183930337429047,
                -0.049299173057079315,
                0.9760603308677673
            ],
            [
                0.0,
                -0.9987269043922424,
                -0.05044402554631233
            ]
        ],
        "fx": 1451.8481458221336,
        "fy": 1451.8481458221336
    },
    {
        "id": 43,
        "img_name": "43",
        "width": 512,
        "height": 512,
        "position": [
            0.48349300026893616,
            -0.6355562806129456,
            3.7151451110839844
        ],
        "rotation": [
            [
                0.7958784103393555,
                0.591936469078064,
                -0.12723499536514282
            ],
            [
                0.6054564118385315,
                -0.7781063318252563,
                0.16725166141986847
            ],
            [
                0.0,
                -0.21014724671840668,
                -0.9776697754859924
            ]
        ],
        "fx": 1451.8481458221336,
        "fy": 1451.8481458221336
    },
    {
        "id": 44,
        "img_name": "44",
        "width": 512,
        "height": 512,
        "position": [
            -3.497534990310669,
            -1.4118472337722778,
            -0.46253177523612976
        ],
        "rotation": [
            [
                0.37432199716567993,
                0.11286978423595428,
                0.9204039573669434
            ],
            [
                -0.9272987842559814,
                0.04556206241250038,
                0.37153875827789307
            ],
            [
                0.0,
                -0.9925646185874939,
                0.1217188909649849
            ]
        ],
        "fx": 1451.8481458221336,
        "fy": 1451.8481458221336
    },
    {
        "id": 45,
        "img_name": "45",
        "width": 512,
        "height": 512,
        "position": [
            -2.2638652324676514,
            -2.728665590286255,
            1.3672229051589966
        ],
        "rotation": [
            [
                0.7696096897125244,
                -0.22973467409610748,
                0.5957540273666382
            ],
            [
                -0.638514518737793,
                -0.27690213918685913,
                0.7180699110031128
            ],
            [
                0.0,
                -0.9330312013626099,
                -0.3597955107688904
            ]
        ],
        "fx": 1451.8481458221336,
        "fy": 1451.8481458221336
    },
    {
        "id": 46,
        "img_name": "46",
        "width": 512,
        "height": 512,
        "position": [
            -1.984108805656433,
            3.23576283454895,
            0.1820746660232544
        ],
        "rotation": [
            [
                -0.8524957299232483,
                -0.025046488270163536,
                0.5221338868141174
            ],
            [
                -0.5227342844009399,
                0.0408468060195446,
                -0.8515165448188782
            ],
            [
                0.0,
                -0.9988514184951782,
                -0.04791438579559326
            ]
        ],
        "fx": 1451.8481458221336,
        "fy": 1451.8481458221336
    },
    {
        "id": 47,
        "img_name": "47",
        "width": 512,
        "height": 512,
        "position": [
            3.388158082962036,
            0.9163517951965332,
            1.4562565088272095
        ],
        "rotation": [
            [
                -0.2610771954059601,
                0.3699343502521515,
                -0.8916206359863281
            ],
            [
                0.9653179049491882,
                0.10005141794681549,
                -0.24114522337913513
            ],
            [
                0.0,
                -0.9236549139022827,
                -0.3832254111766815
            ]
        ],
        "fx": 1451.8481458221336,
        "fy": 1451.8481458221336
    },
    {
        "id": 48,
        "img_name": "48",
        "width": 512,
        "height": 512,
        "position": [
            0.7886882424354553,
            -3.7149834632873535,
            -0.12987589836120605
        ],
        "rotation": [
            [
                0.9781987071037292,
                -0.0070977481082081795,
                -0.2075495570898056
            ],
            [
                0.2076708823442459,
                0.033432748168706894,
                0.9776272773742676
            ],
            [
                0.0,
                -0.9994157552719116,
                0.03417786955833435
            ]
        ],
        "fx": 1451.8481458221336,
        "fy": 1451.8481458221336
    },
    {
        "id": 49,
        "img_name": "49",
        "width": 512,
        "height": 512,
        "position": [
            0.7145230174064636,
            -0.9061979055404663,
            3.6205334663391113
        ],
        "rotation": [
            [
                0.7852603793144226,
                0.5899236798286438,
                -0.1880323737859726
            ],
            [
                0.6191656589508057,
                -0.7481740713119507,
                0.23847313225269318
            ],
            [
                0.0,
                -0.3036866784095764,
                -0.9527719616889954
            ]
        ],
        "fx": 1451.8481458221336,
        "fy": 1451.8481458221336
    },
    {
        "id": 50,
        "img_name": "50",
        "width": 512,
        "height": 512,
        "position": [
            2.9168879985809326,
            0.5607290267944336,
            2.3700942993164062
        ],
        "rotation": [
            [
                -0.18877890706062317,
                0.6124945282936096,
                -0.7676020860671997
            ],
            [
                0.9820196032524109,
                0.1177431121468544,
                -0.1475602686405182
            ],
            [
                0.0,
                -0.7816566228866577,
                -0.6237090229988098
            ]
        ],
        "fx": 1451.8481458221336,
        "fy": 1451.8481458221336
    },
    {
        "id": 51,
        "img_name": "51",
        "width": 512,
        "height": 512,
        "position": [
            1.088709831237793,
            2.07145357131958,
            2.9939589500427246
        ],
        "rotation": [
            [
                -0.8851873874664307,
                0.366551011800766,
                -0.2865025997161865
            ],
            [
                0.46523478627204895,
                0.6974249482154846,
                -0.5451193451881409
            ],
            [
                0.0,
                -0.6158237457275391,
                -0.7878839373588562
            ]
        ],
        "fx": 1451.8481458221336,
        "fy": 1451.8481458221336
    },
    {
        "id": 52,
        "img_name": "52",
        "width": 512,
        "height": 512,
        "position": [
            2.3796703815460205,
            1.9107887744903564,
            2.2640793323516846
        ],
        "rotation": [
            [
                -0.6261031031608582,
                0.4645773768424988,
                -0.6262290477752686
            ],
            [
                0.7797403335571289,
                0.37303870916366577,
                -0.5028391480445862
            ],
            [
                0.0,
                -0.8031252026557922,
                -0.5958103537559509
            ]
        ],
        "fx": 1451.8481458221336,
        "fy": 1451.8481458221336
    },
    {
        "id": 53,
        "img_name": "53",
        "width": 512,
        "height": 512,
        "position": [
            0.5097497701644897,
            1.0890214443206787,
            3.6047451496124268
        ],
        "rotation": [
            [
                -0.9056918025016785,
                0.4021536707878113,
                -0.13414467871189117
            ],
            [
                0.42393675446510315,
                0.8591547608375549,
                -0.2865845859050751
            ],
            [
                0.0,
                -0.316426157951355,
                -0.948617160320282
            ]
        ],
        "fx": 1451.8481458221336,
        "fy": 1451.8481458221336
    },
    {
        "id": 54,
        "img_name": "54",
        "width": 512,
        "height": 512,
        "position": [
            0.7553656697273254,
            -3.076421022415161,
            2.098822593688965
        ],
        "rotation": [
            [
                0.9711544513702393,
                0.13170185685157776,
                -0.19878044724464417
            ],
            [
                0.23845134675502777,
                -0.5363897085189819,
                0.8095844984054565
            ],
            [
                0.0,
                -0.8336310386657715,
