[
    {
        "id": 0,
        "img_name": "0",
        "width": 512,
        "height": 512,
        "position": [
            -0.9887538552284241,
            2.616621971130371,
            2.5720913410186768
        ],
        "rotation": [
            [
                -0.9354422688484192,
                -0.2392583042383194,
                0.2601984143257141
            ],
            [
                -0.3534794747829437,
                0.6331692337989807,
                -0.6885848045349121
            ],
            [
                0.0,
                -0.7361061573028564,
                -0.6768661737442017
            ]
        ],
        "fx": 1451.703197533585,
        "fy": 1451.703197533585
    },
    {
        "id": 1,
        "img_name": "1",
        "width": 512,
        "height": 512,
        "position": [
            1.2109414339065552,
            -0.6191632747650146,
            3.5482752323150635
        ],
        "rotation": [
            [
                0.4552495777606964,
                0.831383228302002,
                -0.31866881251335144
            ],
            [
                0.890363872051239,
                -0.42509233951568604,
                0.1629377007484436
            ],
            [
                0.0,
                -0.35790854692459106,
                -0.9337566494941711
            ]
        ],
        "fx": 1451.703197533585,
        "fy": 1451.703197533585
    },
    {
        "id": 2,
        "img_name": "2",
        "width": 512,
        "height": 512,
        "position": [
            0.25433626770973206,
            2.375211238861084,
            2.9552807807922363
        ],
        "rotation": [
            [
                -0.9943158030509949,
                0.0828029066324234,
                -0.06693059951066971
            ],
            [
                0.10647077113389969,
                0.7732848525047302,
                -0.6250556111335754
            ],
            [
                0.0,
                -0.6286288499832153,
                -0.7777054905891418
            ]
        ],
        "fx": 1451.703197533585,
        "fy": 1451.703197533585
    },
    {
        "id": 3,
        "img_name": "3",
        "width": 512,
        "height": 512,
        "position": [
            1.0904099941253662,
            1.5497384071350098,
            3.293829917907715
        ],
        "rotation": [
            [
                -0.8178428411483765,
                0.49879133701324463,
                -0.286950021982193
            ],
            [
                0.5754416584968567,
                0.7089040279388428,
                -0.40782591700553894
            ],
            [
                0.0,
                -0.49866050481796265,
                -0.8667973875999451
            ]
        ],
        "fx": 1451.703197533585,
        "fy": 1451.703197533585
    },
    {
        "id": 4,
        "img_name": "4",
        "width": 512,
        "height": 512,
        "position": [
            2.9284451007843018,
            -1.5466634035110474,
            1.8633413314819336
        ],
        "rotation": [
            [
                0.4670172333717346,
                0.43359375,
                -0.7706434726715088
            ],
            [
                0.8842481970787048,
                -0.22900329530239105,
                0.40701669454574585
            ],
            [
                0.0,
                -0.871523916721344,
                -0.490352988243103
            ]
        ],
        "fx": 1451.703197533585,
        "fy": 1451.703197533585
    },
    {
        "id": 5,
        "img_name": "5",
        "width": 512,
        "height": 512,
        "position": [
            2.05887770652771,
            -2.596498727798462,
            1.8598970174789429
        ],
        "rotation": [
            [
                0.7835585474967957,
                0.30410194396972656,
                -0.5418099164962769
            ],
            [
                0.6213179230690002,
                -0.3835100531578064,
                0.6832891702651978
            ],
            [
                0.0,
                -0.8720332980155945,
                -0.48944658041000366
            ]
        ],
        "fx": 1451.703197533585,
        "fy": 1451.703197533585
    },
    {
        "id": 6,
        "img_name": "6",
        "width": 512,
        "height": 512,
        "position": [
            1.5304813385009766,
            -1.312279462814331,
            3.2211101055145264
        ],
        "rotation": [
            [
                0.6509166955947876,
                0.643500804901123,
                -0.40275824069976807
            ],
            [
                0.7591491937637329,
                -0.5517564415931702,
                0.3453366756439209
            ],
            [
                0.0,
                -0.5305390357971191,
                -0.847660481929779
            ]
        ],
        "fx": 1451.703197533585,
        "fy": 1451.703197533585
    },
    {
        "id": 7,
        "img_name": "7",
        "width": 512,
        "height": 512,
        "position": [
            0.5892912745475769,
            2.222524404525757,
            3.0254123210906982
        ],
        "rotation": [
            [
                -0.9666001796722412,
                0.2040475457906723,
                -0.15507666766643524
            ],
            [
                0.2562892436981201,
                0.7695695161819458,
                -0.5848748683929443
            ],
            [
                0.0,
                -0.6050846576690674,
                -0.7961611747741699
            ]
        ],
        "fx": 1451.703197533585,
        "fy": 1451.703197533585
    },
    {
        "id": 8,
        "img_name": "8",
        "width": 512,
        "height": 512,
        "position": [
            3.1118171215057373,
            -1.4644888639450073,
            1.6161274909973145
        ],
        "rotation": [
            [
                0.42582187056541443,
                0.3848114311695099,
                -0.8188992142677307
            ],
            [
                0.9048069715499878,
                -0.18110065162181854,
                0.38539180159568787
            ],
            [
                0.0,
                -0.9050540328025818,
                -0.42529669404029846
            ]
        ],
        "fx": 1451.703197533585,
        "fy": 1451.703197533585
    },
    {
        "id": 9,
        "img_name": "9",
        "width": 512,
        "height": 512,
        "position": [
            0.7589083909988403,
            -0.15180106461048126,
            3.720351457595825
        ],
        "rotation": [
            [
                0.19614021480083466,
                0.9600228667259216,
                -0.19971273839473724
            ],
            [
                0.9805758595466614,
                -0.19202908873558044,
                0.03994764760136604
            ],
            [
                0.0,
                -0.20366883277893066,
                -0.9790398478507996
            ]
        ],
        "fx": 1451.703197533585,
        "fy": 1451.703197533585
    },
    {
        "id": 10,
        "img_name": "10",
        "width": 512,
        "height": 512,
        "position": [
            -0.9061875939369202,
            1.9997233152389526,
            3.1016013622283936
        ],
        "rotation": [
            [
                -0.9108424782752991,
                -0.3368944823741913,
                0.2384704202413559
            ],
            [
                -0.41275420784950256,
                0.7434395551681519,
                -0.5262429714202881
            ],
            [
                0.0,
                -0.5777541399002075,
                -0.8162108659744263
            ]
        ],
        "fx": 1451.703197533585,
        "fy": 1451.703197533585
    },
    {
        "id": 11,
        "img_name": "11",
        "width": 512,
        "height": 512,
        "position": [
            -1.2606921195983887,
            3.1858882904052734,
            1.643402338027954
        ],
        "rotation": [
            [
                -0.9298454523086548,
                -0.1591290831565857,
                0.33176109194755554
            ],
            [
                -0.3679503798484802,
                0.4021342694759369,
                -0.8383916616439819
            ],
            [
                0.0,
                -0.9016463160514832,
                -0.4324743151664734
            ]
        ],
        "fx": 1451.703197533585,
        "fy": 1451.703197533585
    },
    {
        "id": 12,
        "img_name": "12",
        "width": 512,
        "height": 512,
        "position": [
            -1.2525355815887451,
            -0.16762124001979828,
            3.583721160888672
        ],
        "rotation": [
            [
                0.13264302909374237,
                -0.9347513318061829,
                0.32961463928222656
            ],
            [
                -0.9911639094352722,
                -0.12509359419345856,
                0.04411085322499275
            ],
            [
                0.0,
                -0.3325531482696533,
                -0.9430845379829407
            ]
        ],
        "fx": 1451.703197533585,
        "fy": 1451.703197533585
    },
    {
        "id": 13,
        "img_name": "13",
        "width": 512,
        "height": 512,
        "position": [
            -0.47462230920791626,
            0.46143102645874023,
            3.7418999671936035
        ],
        "rotation": [
            [
                -0.6970726847648621,
                -0.7060379385948181,
                0.12490060925483704
            ],
            [
                -0.717000424861908,
                0.6864148378372192,
                -0.12142921984195709
            ],
            [
                0.0,
                -0.17419879138469696,
                -0.9847105145454407
            ]
        ],
        "fx": 1451.703197533585,
        "fy": 1451.703197533585
    },
    {
        "id": 14,
        "img_name": "14",
        "width": 512,
        "height": 512,
        "position": [
            -2.835867166519165,
            2.186396360397339,
            1.2718210220336914
        ],
        "rotation": [
            [
                -0.6105806231498718,
                -0.2650589048862457,
                0.74628084897995
            ],
            [
                -0.7919541001319885,
                0.20435506105422974,
                -0.5753674507141113
            ],
            [
                0.0,
                -0.9423283934593201,
                -0.334689736366272
            ]
        ],
        "fx": 1451.703197533585,
        "fy": 1451.703197533585
    },
    {
        "id": 15,
        "img_name": "15",
        "width": 512,
        "height": 512,
        "position": [
            3.1251285076141357,
            -1.8549281358718872,
            1.1103211641311646
        ],
        "rotation": [
            [
                0.5104132890701294,
                0.2512625455856323,
                -0.8224022388458252
            ],
            [
                0.8599292635917664,
                -0.14913754165172577,
                0.48813900351524353
            ],
            [
                0.0,
                -0.956360399723053,
                -0.2921897768974304
            ]
        ],
        "fx": 1451.703197533585,
        "fy": 1451.703197533585
    },
    {
        "id": 16,
        "img_name": "16",
        "width": 512,
        "height": 512,
        "position": [
            -1.4180915355682373,
            3.519312858581543,
            0.20845264196395874
        ],
        "rotation": [
            [
                -0.9275315999984741,
                -0.020502127707004547,
                0.3731819987297058
            ],
            [
                -0.37374475598335266,
                0.050880637019872665,
                -0.9261350035667419
            ],
            [
                0.0,
                -0.9984942674636841,
                -0.054855961352586746
            ]
        ],
        "fx": 1451.703197533585,
        "fy": 1451.703197533585
    },
    {
        "id": 17,
        "img_name": "17",
        "width": 512,
        "height": 512,
        "position": [
            -3.0338282585144043,
            0.5397384762763977,
            2.2236382961273193
        ],
        "rotation": [
            [
                -0.1751563996076584,
                -0.5761217474937439,
                0.7983758449554443
            ],
            [
                -0.984540581703186,
                0.102495938539505,
                -0.14203643798828125
            ],
            [
                0.0,
                -0.8109120726585388,
                -0.5851680040359497
            ]
        ],
        "fx": 1451.703197533585,
        "fy": 1451.703197533585
    },
    {
        "id": 18,
        "img_name": "18",
        "width": 512,
        "height": 512,
        "position": [
            -2.834686040878296,
            1.296556830406189,
            2.1733603477478027
        ],
        "rotation": [
            [
                -0.4159456193447113,
                -0.5201135277748108,
                0.7459700107574463
            ],
            [
                -0.9093895554542542,
                0.237894669175148,
                -0.3411991596221924
            ],
            [
                0.0,
                -0.8202975988388062,
                -0.5719369649887085
            ]
        ],
        "fx": 1451.703197533585,
        "fy": 1451.703197533585
    },
    {
        "id": 19,
        "img_name": "19",
        "width": 512,
        "height": 512,
        "position": [
            1.4950820207595825,
            2.267451047897339,
            2.6577045917510986
        ],
        "rotation": [
            [
                -0.834852397441864,
                0.38499927520751953,
                -0.39344266057014465
            ],
            [
                0.5504739284515381,
                0.5838924646377563,
                -0.5966976881027222
            ],
            [
                0.0,
                -0.7147344350814819,
                -0.699396014213562
            ]
        ],
        "fx": 1451.703197533585,
        "fy": 1451.703197533585
    },
    {
        "id": 20,
        "img_name": "20",
        "width": 512,
        "height": 512,
        "position": [
            0.15279439091682434,
            3.7894749641418457,
            -0.23776689171791077
        ],
        "rotation": [
            [
                -0.9991880655288696,
                -0.0025208289735019207,
                -0.040209051221609116
            ],
            [
                0.040287990123033524,
                -0.06251943111419678,
                -0.9972302913665771
            ],
            [
                0.0,
                -0.9980405569076538,
                0.0625702366232872
            ]
        ],
        "fx": 1451.703197533585,
        "fy": 1451.703197533585
    },
    {
        "id": 21,
        "img_name": "21",
        "width": 512,
        "height": 512,
        "position": [
            -1.830334186553955,
            2.5904014110565186,
            2.0927722454071045
        ],
        "rotation": [
            [
                -0.8166981339454651,
                -0.31780683994293213,
                0.4816669225692749
            ],
            [
                -0.5770651698112488,
                0.44977980852127075,
                -0.6816846132278442
            ],
            [
                0.0,
                -0.8346837759017944,
                -0.5507295727729797
            ]
        ],
        "fx": 1451.703197533585,
        "fy": 1451.703197533585
    },
    {
        "id": 22,
        "img_name": "22",
        "width": 512,
        "height": 512,
        "position": [
            -0.15818344056606293,
            1.6427510976791382,
            3.422914981842041
        ],
        "rotation": [
            [
                -0.9953959584236145,
                -0.0863371342420578,
                0.041627220809459686
            ],
            [
                -0.0958484560251236,
                0.8966199159622192,
                -0.43230292201042175
            ],
            [
                0.0,
                -0.4343024790287018,
                -0.9007670879364014
            ]
        ],
        "fx": 1451.703197533585,
        "fy": 1451.703197533585
    },
    {
        "id": 23,
        "img_name": "23",
        "width": 512,
        "height": 512,
        "position": [
            1.6854667663574219,
            -3.288355588912964,
            0.8865198493003845
        ],
        "rotation": [
            [
                0.8899129629135132,
                0.10641279071569443,
                -0.4435439109802246
            ],
            [
                0.45613032579421997,
                -0.20761199295520782,
                0.8653568029403687
            ],
            [
                0.0,
                -0.9724060893058777,
                -0.23329471051692963
            ]
        ],
        "fx": 1451.703197533585,
        "fy": 1451.703197533585
    },
    {
        "id": 24,
        "img_name": "24",
        "width": 512,
        "height": 512,
        "position": [
            -2.3664610385894775,
            1.1172034740447998,
            2.75530743598938
        ],
        "rotation": [
            [
                -0.42691507935523987,
                -0.6556847095489502,
                0.6227529048919678
            ],
            [
                -0.9042917490005493,
                0.30954796075820923,
                -0.29400092363357544
            ],
            [
                0.0,
                -0.6886637210845947,
                -0.7250809073448181
            ]
        ],
        "fx": 1451.703197533585,
        "fy": 1451.703197533585
    },
    {
        "id": 25,
        "img_name": "25",
        "width": 512,
        "height": 512,
        "position": [
            1.8289402723312378,
            3.258640766143799,
            0.6900988817214966
        ],
        "rotation": [
            [
                -0.8720376491546631,
                0.08888450264930725,
                -0.48130011558532715
            ],
            [
                0.4894386827945709,
                0.1583663821220398,
                -0.8575370907783508
            ],
            [
                0.0,
                -0.9833715558052063,
                -0.18160498142242432
            ]
        ],
        "fx": 1451.703197533585,
        "fy": 1451.703197533585
    },
    {
        "id": 26,
        "img_name": "26",
        "width": 512,
        "height": 512,
        "position": [
            -2.575446844100952,
            -2.041428327560425,
            1.9077849388122559
        ],
        "rotation": [
            [
                0.6211766004562378,
                -0.3934408128261566,
                0.6777491569519043
            ],
            [
                -0.7836705446243286,
                -0.31186091899871826,
                0.5372179746627808
            ],
            [
                0.0,
                -0.8648393750190735,
                -0.502048671245575
            ]
        ],
        "fx": 1451.703197533585,
        "fy": 1451.703197533585
    },
    {
        "id": 27,
        "img_name": "27",
        "width": 512,
        "height": 512,
        "position": [
            0.7239055037498474,
            -0.3768952786922455,
            3.7113218307495117
        ],
        "rotation": [
            [
                0.46180057525634766,
                0.8662848472595215,
                -0.19050146639347076
            ],
            [
                0.8869837522506714,
                -0.4510238766670227,
                0.09918297827243805
            ],
            [
                0.0,
                -0.2147744596004486,
                -0.9766637086868286
            ]
        ],
        "fx": 1451.703197533585,
        "fy": 1451.703197533585
    },
    {
        "id": 28,
        "img_name": "28",
        "width": 512,
        "height": 512,
        "position": [
            -0.930126965045929,
            3.44942045211792,
            1.2947438955307007
        ],
        "rotation": [
            [
                -0.9655147194862366,
                -0.08870646357536316,
                0.24477025866508484
            ],
            [
                -0.26034843921661377,
                0.328972190618515,
                -0.9077422618865967
            ],
            [
                0.0,
                -0.9401640892028809,
                -0.34072208404541016
            ]
        ],
        "fx": 1451.703197533585,
        "fy": 1451.703197533585
    },
    {
        "id": 29,
        "img_name": "29",
        "width": 512,
        "height": 512,
        "position": [
            2.6922996044158936,
            -0.5512491464614868,
            2.6244325637817383
        ],
        "rotation": [
            [
                0.20058885216712952,
                0.6766033172607422,
                -0.7084999680519104
            ],
            [
                0.9796755313873291,
                -0.13853472471237183,
                0.145065575838089
            ],
            [
                0.0,
                -0.7231985926628113,
                -0.6906402111053467
            ]
        ],
        "fx": 1451.703197533585,
        "fy": 1451.703197533585
    },
    {
        "id": 30,
        "img_name": "30",
        "width": 512,
        "height": 512,
        "position": [
            -3.6650986671447754,
            1.001473307609558,
            -0.06404627859592438
        ],
        "rotation": [
            [
                -0.26358306407928467,
                0.01625826209783554,
                0.9644997119903564
            ],
            [
                -0.9646367430686951,
                -0.004442503675818443,
                -0.2635456323623657
            ],
            [
                0.0,
                -0.999858021736145,
                0.016854284331202507
            ]
        ],
        "fx": 1451.703197533585,
        "fy": 1451.703197533585
    },
    {
        "id": 31,
        "img_name": "31",
        "width": 512,
        "height": 512,
        "position": [
            -1.2799463272094727,
            -0.7582287788391113,
            3.496687889099121
        ],
        "rotation": [
            [
                0.509674072265625,
                -0.7916938662528992,
                0.33682799339294434
            ],
            [
                -0.8603675365447998,
                -0.4689924120903015,
                0.19953389465808868
            ],
            [
                0.0,
                -0.39149314165115356,
                -0.9201810359954834
            ]
        ],
        "fx": 1451.703197533585,
        "fy": 1451.703197533585
    },
    {
        "id": 32,
        "img_name": "32",
        "width": 512,
        "height": 512,
        "position": [
            1.2822014093399048,
            1.8600764274597168,
            3.0554990768432617
        ],
        "rotation": [
            [
                -0.8233389854431152,
                0.45635485649108887,
                -0.3374214172363281
            ],
            [
                0.5675499439239502,
                0.6620293855667114,
                -0.48949381709098816
            ],
            [
                0.0,
                -0.5945228934288025,
                -0.8040786981582642
            ]
        ],
        "fx": 1451.703197533585,
        "fy": 1451.703197533585
    },
    {
        "id": 33,
        "img_name": "33",
        "width": 512,
        "height": 512,
        "position": [
            1.7498462200164795,
            -1.506105661392212,
            3.0182251930236816
        ],
        "rotation": [
            [
                0.6523474454879761,
                0.6019930243492126,
                -0.4604858458042145
            ],
            [
                0.7579200863838196,
                -0.5181398987770081,
                0.3963435888290405
            ],
            [
                0.0,
                -0.6075652241706848,
                -0.7942698001861572
            ]
        ],
        "fx": 1451.703197533585,
        "fy": 1451.703197533585
    },
    {
        "id": 34,
        "img_name": "34",
        "width": 512,
        "height": 512,
        "position": [
            0.7607768774032593,
            3.6725165843963623,
            0.6114251017570496
        ],
        "rotation": [
            [
                -0.979210376739502,
                0.03263842687010765,
                -0.20020444691181183
            ],
            [
                0.2028474509716034,
                0.15755626559257507,
                -0.9664517641067505
            ],
            [
                0.0,
                -0.9869705438613892,
                -0.16090133786201477
            ]
        ],
        "fx": 1451.703197533585,
        "fy": 1451.703197533585
    },
    {
        "id": 35,
        "img_name": "35",
        "width": 512,
        "height": 512,
        "position": [
            -1.9954005479812622,
            -1.7532798051834106,
            2.7174227237701416
        ],
        "rotation": [
            [
                0.6600606441497803,
                -0.537200391292572,
                0.5251054167747498
            ],
            [
                -0.7512122988700867,
                -0.4720167815685272,
                0.461389422416687
            ],
            [
                0.0,
                -0.6990106701850891,
                -0.715111255645752
            ]
        ],
        "fx": 1451.703197533585,
        "fy": 1451.703197533585
    },
    {
        "id": 36,
        "img_name": "36",
        "width": 512,
        "height": 512,
        "position": [
            3.5976691246032715,
            -1.0303263664245605,
            -0.6597005128860474
        ],
        "rotation": [
            [
                0.2753191590309143,
                -0.1668960452079773,
                -0.946755051612854
            ],
            [
                0.9613528847694397,
                0.04779689013957977,
                0.2711385190486908
            ],
            [
                0.0,
                -0.9848153591156006,
                0.17360539734363556
            ]
        ],
        "fx": 1451.703197533585,
        "fy": 1451.703197533585
    },
    {
        "id": 37,
        "img_name": "37",
        "width": 512,
        "height": 512,
        "position": [
            2.7210965156555176,
            1.4512912034988403,
            2.220222234725952
        ],
        "rotation": [
            [
                -0.4705982506275177,
                0.5155283808708191,
                -0.7160780429840088
            ],
            [
                0.882347583770752,
                0.27495598793029785,
                -0.381918728351593
            ],
            [
                0.0,
                -0.8115600943565369,
                -0.5842689871788025
            ]
        ],
        "fx": 1451.703197533585,
        "fy": 1451.703197533585
    },
    {
        "id": 38,
        "img_name": "38",
        "width": 512,
        "height": 512,
        "position": [
            -0.11612337082624435,
            2.755122184753418,
            2.614539384841919
        ],
        "rotation": [
            [
                -0.9991129040718079,
                -0.028973767533898354,
                0.030558783560991287
            ],
            [
                -0.042110785841941833,
                0.6874263882637024,
                -0.7250322103500366
            ],
            [
                0.0,
                -0.7256758809089661,
                -0.6880367398262024
            ]
        ],
        "fx": 1451.703197533585,
        "fy": 1451.703197533585
    },
    {
        "id": 39,
        "img_name": "39",
        "width": 512,
        "height": 512,
        "position": [
            -3.047565221786499,
            2.261728048324585,
            0.19217488169670105
        ],
        "rotation": [
            [
                -0.595954179763794,
                -0.04061051830649376,
                0.8019909262657166
            ],
            [
                -0.8030183911323547,
                0.03013879619538784,
                -0.5951916575431824
            ],
            [
                0.0,
                -0.9987204074859619,
                -0.050572339445352554
            ]
        ],
        "fx": 1451.703197533585,
        "fy": 1451.703197533585
    },
    {
        "id": 40,
        "img_name": "40",
        "width": 512,
        "height": 512,
        "position": [
            -3.7800488471984863,
            -0.19471104443073273,
            0.3366292715072632
        ],
        "rotation": [
            [
                0.051441993564367294,
                -0.08846935629844666,
                0.9947496652603149
            ],
            [
                -0.9986760020256042,
                -0.0045570735819637775,
                0.0512397475540638
            ],
            [
                0.0,
                -0.99606853723526,
                -0.08858664333820343
            ]
        ],
        "fx": 1451.703197533585,
        "fy": 1451.703197533585
    },
    {
        "id": 41,
        "img_name": "41",
        "width": 512,
        "height": 512,
        "position": [
            0.210138201713562,
            -2.8711740970611572,
            2.480363130569458
        ],
        "rotation": [
            [
                0.9973324537277222,
                0.047644976526498795,
                -0.05529952794313431
            ],
            [
                0.07299371063709259,
                -0.6509859561920166,
                0.7555721402168274
            ],
            [
                0.0,
                -0.7575931549072266,
                -0.6527271270751953
            ]
        ],
        "fx": 1451.703197533585,
        "fy": 1451.703197533585
    },
    {
        "id": 42,
        "img_name": "42",
        "width": 512,
        "height": 512,
        "position": [
            -2.165271520614624,
            -1.7622381448745728,
            2.5780062675476074
        ],
        "rotation": [
            [
                0.6312299966812134,
                -0.5261817574501038,
                0.569808304309845
            ],
            [
                -0.7755957245826721,
                -0.42824074625968933,
                0.4637468755245209
            ],
            [
                0.0,
                -0.7346718311309814,
                -0.6784226894378662
            ]
        ],
        "fx": 1451.703197533585,
        "fy": 1451.703197533585
    },
    {
        "id": 43,
        "img_name": "43",
        "width": 512,
        "height": 512,
        "position": [
            -1.6331428289413452,
            -1.4510377645492554,
            3.109233856201172
        ],
        "rotation": [
            [
                0.6641989350318909,
                -0.6116647124290466,
                0.4297744035720825
            ],
            [
                -0.7475557923316956,
                -0.5434605479240417,
                0.38185203075408936
            ],
            [
                0.0,
                -0.5749061107635498,
                -0.8182194232940674
            ]
        ],
        "fx": 1451.703197533585,
        "fy": 1451.703197533585
    },
    {
        "id": 44,
        "img_name": "44",
        "width": 512,
        "height": 512,
        "position": [
            2.63747501373291,
            -1.7551813125610352,
            2.0983481407165527
        ],
        "rotation": [
            [
                0.5540148615837097,
                0.4597076177597046,
                -0.6940723657608032
            ],
            [
                0.8325067758560181,
                -0.30592527985572815,
                0.4618898332118988
            ],
            [
                0.0,
                -0.8337137699127197,
                -0.5521968603134155
            ]
        ],
        "fx": 1451.703197533585,
        "fy": 1451.703197533585
    },
    {
        "id": 45,
        "img_name": "45",
        "width": 512,
        "height": 512,
        "position": [
            0.26100456714630127,
            -3.790111541748047,
            0.08324655145406723
        ],
        "rotation": [
            [
                0.997637152671814,
                0.0015050518559291959,
                -0.06868541240692139
            ],
            [
                0.06870190054178238,
                -0.021855225786566734,
                0.997397780418396
            ],
            [
                0.0,
                -0.9997600317001343,
                -0.021906986832618713
            ]
        ],
        "fx": 1451.703197533585,
        "fy": 1451.703197533585
    },
    {
        "id": 46,
        "img_name": "46",
        "width": 512,
        "height": 512,
        "position": [
            3.2663767337799072,
            -1.5784693956375122,
            1.1310245990753174
        ],
        "rotation": [
            [
                0.43510621786117554,
                0.26798713207244873,
                -0.8595728278160095
            ],
            [
                0.9003791213035583,
                -0.12950418889522552,
                0.4153866767883301
            ],
            [
                0.0,
                -0.9546787738800049,
                -0.29763805866241455
            ]
        ],
        "fx": 1451.703197533585,
        "fy": 1451.703197533585
    },
    {
        "id": 47,
        "img_name": "47",
        "width": 512,
        "height": 512,
        "position": [
            -0.5107992887496948,
            -1.274444580078125,
            3.543285846710205
        ],
        "rotation": [
            [
                0.9282199144363403,
                -0.3468988239765167,
                0.13442087173461914
            ],
            [
                -0.37203192710876465,
                -0.8655127882957458,
                0.3353801667690277
            ],
            [
                0.0,
                -0.36131539940834045,
                -0.9324436783790588
            ]
        ],
        "fx": 1451.703197533585,
        "fy": 1451.703197533585
    },
    {
        "id": 48,
        "img_name": "48",
        "width": 512,
        "height": 512,
        "position": [
            0.627186119556427,
            2.4378859996795654,
            2.8466382026672363
        ],
        "rotation": [
            [
                -0.9684640765190125,
                0.1866445392370224,
                -0.1650489866733551
            ],
            [
                0.249153271317482,
                0.7254912853240967,
                -0.6415489315986633
            ],
            [
                0.0,
                -0.6624395847320557,
                -0.7491153478622437
            ]
        ],
        "fx": 1451.703197533585,
        "fy": 1451.703197533585
    },
    {
        "id": 49,
        "img_name": "49",
        "width": 512,
        "height": 512,
        "position": [
            -0.8186290264129639,
            1.337585210800171,
            3.4613163471221924
        ],
        "rotation": [
            [
                -0.8529366850852966,
                -0.47548869252204895,
                0.21542870998382568
            ],
            [
                -0.5220144391059875,
                0.7769167423248291,
                -0.35199612379074097
            ],
            [
                0.0,
                -0.4126872420310974,
                -0.9108728170394897
            ]
        ],
        "fx": 1451.703197533585,
        "fy": 1451.703197533585
    },
    {
        "id": 50,
        "img_name": "50",
        "width": 512,
        "height": 512,
        "position": [
            3.3497519493103027,
            -1.3944430351257324,
            1.1290217638015747
        ],
        "rotation": [
            [
                0.38431316614151,
                0.2742937505245209,
                -0.8815136551856995
            ],
            [
                0.9232028126716614,
                -0.11418367922306061,
                0.36695870757102966
            ],
            [
                0.0,
                -0.9548429846763611,
                -0.29711100459098816
            ]
        ],
        "fx": 1451.703197533585,
        "fy": 1451.703197533585
    },
    {
        "id": 51,
        "img_name": "51",
        "width": 512,
        "height": 512,
        "position": [
            -1.0005913972854614,
            3.382465124130249,
            1.413416862487793
        ],
        "rotation": [
            [
                -0.9589231610298157,
                -0.10551007091999054,
                0.26331353187561035
            ],
            [
                -0.2836659550666809,
                0.3566732108592987,
                -0.8901224136352539
            ],
            [
                0.0,
                -0.928252100944519,
                -0.3719518184661865
            ]
        ],
        "fx": 1451.703197533585,
        "fy": 1451.703197533585
    },
    {
        "id": 52,
        "img_name": "52",
        "width": 512,
        "height": 512,
        "position": [
            -0.5149922370910645,
            -2.216517448425293,
            3.0433261394500732
        ],
        "rotation": [
            [
                0.9740543365478516,
                -0.18124981224536896,
                0.13552427291870117
            ],
            [
                -0.22631466388702393,
                -0.7800959348678589,
                0.5832940936088562
            ],
            [
                0.0,
                -0.5988312363624573,
                -0.8008753061294556
            ]
        ],
        "fx": 1451.703197533585,
        "fy": 1451.703197533585
    },
    {
        "id": 53,
        "img_name": "53",
        "width": 512,
        "height": 512,
        "position": [
            1.2741477489471436,
            3.451735258102417,
            0.9497743844985962
        ],
        "rotation": [
            [
                -0.9381263852119446,
                0.0865526869893074,
                -0.33530205488204956
            ],
            [
                0.34629297256469727,
                0.23447591066360474,
                -0.9083514213562012
            ],
            [
                0.0,
                -0.968261182308197,
                -0.2499406337738037
            ]
        ],
        "fx": 1451.703197533585,
        "fy": 1451.703197533585
    },
    {
        "id": 54,
        "img_name": "54",
        "width": 512,
        "height": 512,
        "position": [
            -2.934013605117798,
            -2.1613993644714355,
            1.0769942998886108
        ],
        "rotation": [
            [
                0.593109130859375,
                -0.22818735241889954,
                0.7721088528633118
            ],
            [
                -0.8051220178604126,
                -0.16809873282909393,
                0.5687893033027649
            ],
            [
                0.0,
                -0.958996057510376,
                -0.28341954946517944
            ]
        ],
        "fx": 1451.703197533585,
        "fy": 1451.703197533585
    },
    {
